Class		Comments	BComments	NumOfLines	WhileCount	ForCount	IfCondCount	BracketCount	AllSpaces	CSS	Assignment	AssignOpp	Equality	EqualityOpp	OpenParenL	OpenParenR	OpenParenOpp	CloseParenL	CloseParenR	CloseParenOpp
Person2		53		0		343		0		9		5		0		0		45		144		144		41		132		3		0		14		0		7		14
Person2		81		0		350		1		11		4		0		0		62		94		102		37		170		5		2		16		1		7		16
Person2		72		0		465		2		13		22		0		0		60		159		214		152		386		6		2		37		2		13		37
Person2		52		0		362		0		6		6		0		0		36		77		106		41		140		4		0		12		0		5		12
Person2		62		0		335		1		9		8		0		0		41		98		112		29		106		3		0		18		0		2		18
	
Person3		45		9		194		1		0		1		0		0		7		16		16		48		74		0		0		2		0		2		2
Person3		60		9		243		0		6		15		0		0		143		52		52		91		152		0		1		24		1		22		24
Person3		62		9		310		0		0		2		0		0		10		70		70		196		288		0		2		4		2		4		4
Person3		31		6		159		0		1		1		0		0		10		48		48		29		60		2		1		3		1		3		3
	
Person4		16		15		345		0		8		6		0		0		222		70		70		588		1148		13		0		15		0		14		15
Person4		61		50		734		0		8		11		0		0		145		158		158		1966		4064		19		0		29		0		22		29
Person4		117		53		1051		1		14		32		0		0		382		300		300		2020		4168		47		0		71		0		63		71
Person4		94		34		874		7		25		17		0		0		324		357		358		1428		2812		46		3		58		0		51		58
Person4		16		22		313		0		0		4		0		0		28		44		44		906		1816		7		0		15		0		9		15

Person6		134		39		870		0		8		14		67		0		96		126		126		382		706		19		0		25		0		24		25
Person6		190		73		1435		8		23		34		163		0		322		236		236		494		780		41		0		95		0		75		95
Person6		46		21		390		2		5		7		46		0		63		42		42		246		546		14		0		21		0		14		21
Person6		109		58		1107		3		19		27		104		0		245		170		170		423		780		34		0		69		0		54		69
Person6		49		72		1515		2		3		50		188		0		155		120		120		682		1184		39		0		99		1		64		99
	
Person7		40		4		419		5		5		26		55		0		61		68		76		36		132		12		0		63		0		36		63
Person7		4		11		309		0		4		13		56		0		35		42		42		69		154		11		0		39		0		20		39
Person7		22		7		836		0		10		17		96		0		98		184		190		119		326		6		0		35		0		29		35
Person7		12		4		175		1		0		12		32		0		14		22		22		35		78		8		0		25		0		13		25
Person7		33		8		230		0		1		6		17		0		15		22		22		23		44		4		0		13		0		9		13
	
Person8		0		30		307		1		3		14		0		0		202		60		60		133		206		18		0		19		0		17		19
Person8		1		8		130		0		3		6		0		0		118		30		30		50		86		9		0		16		0		9		16
Person8		3		71		950		11		6		63		0		0		964		254		258		417		754		82		0		203		0		113		203
Person8		6		42		412		1		10		6		0		0		273		92		92		313		568		17		0		30		0		21		30
Person8		0		13		144		0		5		2		0		0		90		28		28		77		144		7		0		9		0		7		9
Person8		0		31		345		0		4		10		0		0		190		86		94		210		326		14		0		27		0		19		27
Person8		0		26		264		2		7		3		0		0		167		62		62		115		222		12		0		16		0		12		16
	
Person9		0		5		299		2		0		14		0		0		148		64		64		80		282		16		0		29		0		22		29
Person9		0		18		595		6		10		19		0		0		496		78		78		155		240		36		0		63		0		49		63
Person9		1		0		165		2		3		2		0		0		95		68		68		33		48		7		0		9		0		7		9
Person9		2		1		251		0		10		16		0		0		289		42		44		82		120		26		0		49		0		27		49
Person9		0		0		138		3		5		0		0		0		103		40		40		25		66		8		0		10		0		8		10
	
Person10	8		3		69		0		0		0		6		0		0		18		18		33		58		0		0		0		0		0		0
Person10	11		5		136		0		0		0		20		0		0		34		36		47		68		0		0		0		0		0		0
Person10	8		20		179		0		0		0		20		0		0		44		44		139		200		0		0		0		0		0		0
Person10	12		17		200		0		0		7		17		0		81		80		80		102		140		7		0		7		0		7		7
Person10	6		21		160		2		0		5		18		0		41		64		64		93		126		7		0		8		0		8		8
Person10	0		24		106		2		8		0		18		0		130		14		14		30		42		10		0		10		0		10		10
Person10	32		25		297		2		6		9		40		0		201		74		74		76		132		8		1		25		0		17		25

Person11	18		4		247		7		0		7		0		0		26		20		118		78		152		1		0		23		0		3		23
Person11	34		10		330		8		9		13		0		0		148		77		122		196		400		1		1		42		1		0		42
Person11	15		0		97		5		3		3		0		0		37		42		50		2		46		4		0		16		0		2		16
Person11	10		5		159		6		2		5		0		0		35		45		60		119		232		0		0		19		0		0		19
Person11	21		0		237		7		8		22		1		0		179		67		72		40		76		0		0		88		0		4		88
Person11	6		3		251		10		1		5		0		0		18		30		118		46		92		2		0		25		0		3		25

Person12	41		0		313		0		17		11		14		0		185		121		130		85		184		27		1		35		1		33		35
Person12	35		22		411		9		17		22		28		0		779		94		94		252		390		4		57		66		54		66		66
Person12	58		19		329		4		8		6		30		0		228		58		58		152		368		4		34		35		34		33		35
Person12	19		19		258		3		0		8		0		0		53		72		72		174		224		8		0		19		0		12		19
Person12	45		48		471		5		1		31		0		0		214		88		88		76		248		37		0		46		0		42		46
Person12	48		6		251		0		0		16		30		0		152		44		44		90		258		0		16		16		16		16		16

Person13	30		14		348		3		15		21		0		0		622		132		132		362		618		39		0		44		0		40		44
Person13	13		3		204		1		2		16		0		0		217		62		62		243		428		19		0		28		0		19		28
Person13	31		1		737		1		25		25		0		0		688		168		194		2136		4026		52		0		63		0		52		63
Person13	30		3		394		2		18		34		0		0		715		122		122		105		196		54		0		62		0		54		62

Person15	287		391		7450		43		135		709		1		0		3160		3111		3256		3489		8148		898		0		1129		0		950		1129
Person15	23		6		480		3		27		33		0		0		198		196		196		185		904		63		0		106		0		65		106
Person15	18		6		300		8		9		22		0		0		159		172		172		91		282		39		0		41		0		39		41
Person15	1		0		148		9		0		9		0		0		44		94		94		4		36		20		0		23		0		19		23
Person15	143		2		11587		2		314		2267		75		0		5942		6397		8202		761		9604		2583		0		3210		0		2583		3210
Person15	7		0		140		1		3		14		0		0		41		70		70		4		44		18		0		20		0		18		20
Person15	8		0		295		3		9		18		0		0		100		172		172		29		182		30		0		32		0		30		32
Person15	25		10		518		11		28		27		0		0		211		260		270		126		444		63		0		74		0		63		74
Person15	0		0		256		2		16		14		0		0		122		183		186		7		112		32		0		35		0		33		35
Person15	0		2		36		0		3		1		0		0		30		4		4		6		16		4		0		4		0		4		4

Person16	134		39		870		0		8		14		67		0		96		126		126		382		706		19		0		25		0		24		25
Person16	190		73		1435		8		23		34		163		0		322		236		236		494		780		41		0		95		0		75		95
Person16	46		21		390		2		5		7		46		0		63		42		42		246		546		14		0		21		0		14		21
Person16	109		58		1107		3		19		27		104		0		245		170		170		423		780		34		0		69		0		54		69
Person16	49		72		1515		2		3		50		188		0		155		120		120		682		1184		39		0		99		1		64		99
Person14	0		0		0		0		0		0		0		0		0		0		0		0		0		0		0		0		0		0		0
